ACCELERATION BODY X,ACCELERATION BODY Y,ACCELERATION BODY Z,TOTAL WEIGHT,PLANE ALTITUDE,ATTITUDE INDICATOR PICTH DEGREES,ATTITUDE INDICATOR BANK DEGREES
 9_5_2018 9:40:57,-0.022142, 0.058109, 0.345075, 2252.778320, 3987.080566, -0.072016, -0.006201, 
 9_5_2018 9:40:57,-0.022142, 0.059440, 0.345075, 2252.778320, 3987.080566, -0.072016, -0.006201, 
 9_5_2018 9:40:57,-0.022142, 0.059440, 0.358759, 2252.778320, 3987.080566, -0.072016, -0.006201, 
 9_5_2018 9:40:57,-0.022142, 0.059440, 0.358759, 2252.765625, 3987.080566, -0.072016, -0.006201, 
 9_5_2018 9:40:57,-0.022142, 0.059440, 0.358759, 2252.765625, 3988.460449, -0.072016, -0.006201, 
 9_5_2018 9:40:57,-0.022142, 0.059440, 0.358759, 2252.765625, 3988.460449, -0.071147, -0.006201, 
 9_5_2018 9:40:57,-0.022142, 0.059440, 0.358759, 2252.765625, 3988.460449, -0.071147, -0.006147, 
 9_5_2018 9:40:58,-0.024039, 0.059440, 0.358759, 2252.765625, 3988.460449, -0.071147, -0.006147, 
 9_5_2018 9:40:58,-0.024039, 0.065501, 0.358759, 2252.765625, 3988.460449, -0.071147, -0.006147, 
 9_5_2018 9:40:58,-0.024039, 0.065501, 0.391623, 2252.765625, 3988.460449, -0.071147, -0.006147, 
 9_5_2018 9:40:58,-0.024039, 0.065501, 0.391623, 2252.753418, 3988.460449, -0.071147, -0.006147, 
 9_5_2018 9:40:58,-0.024039, 0.065501, 0.391623, 2252.753418, 3991.811035, -0.071147, -0.006147, 
 9_5_2018 9:40:58,-0.024039, 0.065501, 0.391623, 2252.753418, 3991.811035, -0.068922, -0.006147, 
 9_5_2018 9:40:58,-0.024039, 0.065501, 0.391623, 2252.753418, 3991.811035, -0.068922, -0.006015, 
 9_5_2018 9:40:59,-0.025354, 0.065501, 0.391623, 2252.753418, 3991.811035, -0.068922, -0.006015, 
 9_5_2018 9:40:59,-0.025354, 0.068270, 0.391623, 2252.753418, 3991.811035, -0.068922, -0.006015, 
 9_5_2018 9:40:59,-0.025354, 0.068270, 0.421734, 2252.753418, 3991.811035, -0.068922, -0.006015, 
 9_5_2018 9:40:59,-0.025354, 0.068270, 0.421734, 2252.740723, 3991.811035, -0.068922, -0.006015, 
 9_5_2018 9:40:59,-0.025354, 0.068270, 0.421734, 2252.740723, 3994.920654, -0.068922, -0.006015, 
 9_5_2018 9:40:59,-0.025354, 0.068270, 0.421734, 2252.740723, 3994.920654, -0.066683, -0.006015, 
 9_5_2018 9:40:59,-0.025354, 0.068270, 0.421734, 2252.740723, 3994.920654, -0.066683, -0.005876, 
 9_5_2018 9:41:0,-0.026899, 0.068270, 0.421734, 2252.740723, 3994.920654, -0.066683, -0.005876, 
 9_5_2018 9:41:0,-0.026899, 0.073843, 0.421734, 2252.740723, 3994.920654, -0.066683, -0.005876, 
 9_5_2018 9:41:0,-0.026899, 0.073843, 0.449506, 2252.740723, 3994.920654, -0.066683, -0.005876, 
 9_5_2018 9:41:0,-0.026899, 0.073843, 0.449506, 2252.728516, 3994.920654, -0.066683, -0.005876, 
 9_5_2018 9:41:0,-0.026899, 0.073843, 0.449506, 2252.728516, 3997.808350, -0.066683, -0.005876, 
 9_5_2018 9:41:0,-0.026899, 0.073843, 0.449506, 2252.728516, 3997.808350, -0.064431, -0.005876, 
 9_5_2018 9:41:0,-0.026899, 0.073843, 0.449506, 2252.728516, 3997.808350, -0.064431, -0.005732, 
 9_5_2018 9:41:1,-0.028068, 0.073843, 0.449506, 2252.728516, 3997.808350, -0.064431, -0.005732, 
 9_5_2018 9:41:1,-0.028068, 0.076284, 0.449506, 2252.728516, 3997.808350, -0.064431, -0.005732, 
 9_5_2018 9:41:1,-0.028068, 0.076284, 0.474196, 2252.728516, 3997.808350, -0.064431, -0.005732, 
 9_5_2018 9:41:1,-0.028068, 0.076284, 0.474196, 2252.715820, 3997.808350, -0.064431, -0.005732, 
 9_5_2018 9:41:1,-0.028068, 0.076284, 0.474196, 2252.715820, 4000.460938, -0.064431, -0.005732, 
 9_5_2018 9:41:1,-0.028068, 0.076284, 0.474196, 2252.715820, 4000.460938, -0.062194, -0.005732, 
 9_5_2018 9:41:1,-0.028068, 0.076284, 0.474196, 2252.715820, 4000.460938, -0.062194, -0.005581, 
 9_5_2018 9:41:2,-0.028845, 0.076284, 0.474196, 2252.715820, 4000.460938, -0.062194, -0.005581, 
 9_5_2018 9:41:2,-0.028845, 0.079233, 0.474196, 2252.715820, 4000.460938, -0.062194, -0.005581, 
 9_5_2018 9:41:2,-0.028845, 0.079233, 0.495805, 2252.715820, 4000.460938, -0.062194, -0.005581, 
 9_5_2018 9:41:2,-0.028845, 0.079233, 0.495805, 2252.703613, 4000.460938, -0.062194, -0.005581, 
 9_5_2018 9:41:2,-0.028845, 0.079233, 0.495805, 2252.703613, 4002.866699, -0.062194, -0.005581, 
 9_5_2018 9:41:2,-0.028845, 0.079233, 0.495805, 2252.703613, 4002.866699, -0.060004, -0.005581, 
 9_5_2018 9:41:2,-0.028845, 0.079233, 0.495805, 2252.703613, 4002.866699, -0.060004, -0.005441, 
 9_5_2018 9:41:3,-0.029704, 0.079233, 0.495805, 2252.703613, 4002.866699, -0.060004, -0.005441, 
 9_5_2018 9:41:3,-0.029704, 0.081297, 0.495805, 2252.703613, 4002.866699, -0.060004, -0.005441, 
 9_5_2018 9:41:3,-0.029704, 0.081297, 0.514536, 2252.703613, 4002.866699, -0.060004, -0.005441, 
 9_5_2018 9:41:3,-0.029704, 0.081297, 0.514536, 2252.691162, 4002.866699, -0.060004, -0.005441, 
 9_5_2018 9:41:3,-0.029704, 0.081297, 0.514536, 2252.691162, 4005.059814, -0.060004, -0.005441, 
 9_5_2018 9:41:3,-0.029704, 0.081297, 0.514536, 2252.691162, 4005.059814, -0.057846, -0.005441, 
 9_5_2018 9:41:3,-0.029704, 0.081297, 0.514536, 2252.691162, 4005.059814, -0.057846, -0.005292, 
 9_5_2018 9:41:4,-0.030294, 0.081297, 0.514536, 2252.691162, 4005.059814, -0.057846, -0.005292, 
 9_5_2018 9:41:4,-0.030294, 0.085493, 0.514536, 2252.691162, 4005.059814, -0.057846, -0.005292, 
 9_5_2018 9:41:4,-0.030294, 0.085493, 0.530355, 2252.691162, 4005.059814, -0.057846, -0.005292, 
 9_5_2018 9:41:4,-0.030294, 0.085493, 0.530355, 2252.678711, 4005.059814, -0.057846, -0.005292, 
 9_5_2018 9:41:4,-0.030294, 0.085493, 0.530355, 2252.678711, 4007.040771, -0.057846, -0.005292, 
 9_5_2018 9:41:4,-0.030294, 0.085493, 0.530355, 2252.678711, 4007.040771, -0.055745, -0.005292, 
 9_5_2018 9:41:4,-0.030294, 0.085493, 0.530355, 2252.678711, 4007.040771, -0.055745, -0.005145, 
 9_5_2018 9:41:5,-0.194602, 0.085493, 0.530355, 2252.678711, 4007.040771, -0.055745, -0.005145, 
 9_5_2018 9:41:5,-0.194602, 0.033366, 0.530355, 2252.678711, 4007.040771, -0.055745, -0.005145, 
 9_5_2018 9:41:5,-0.194602, 0.033366, 0.536286, 2252.678711, 4007.040771, -0.055745, -0.005145, 
 9_5_2018 9:41:5,-0.194602, 0.033366, 0.536286, 2252.666504, 4007.040771, -0.055745, -0.005145, 
 9_5_2018 9:41:5,-0.194602, 0.033366, 0.536286, 2252.666504, 4008.844727, -0.055745, -0.005145, 
 9_5_2018 9:41:5,-0.194602, 0.033366, 0.536286, 2252.666504, 4008.844727, -0.053904, -0.005145, 
 9_5_2018 9:41:5,-0.194602, 0.033366, 0.536286, 2252.666504, 4008.844727, -0.053904, -0.002191, 
 9_5_2018 9:41:6,0.305802, 0.033366, 0.536286, 2252.666504, 4008.844727, -0.053904, -0.002191, 
 9_5_2018 9:41:6,0.305802, 0.030371, 0.536286, 2252.666504, 4008.844727, -0.053904, -0.002191, 
 9_5_2018 9:41:6,0.305802, 0.030371, 0.513882, 2252.666504, 4008.844727, -0.053904, -0.002191, 
 9_5_2018 9:41:6,0.305802, 0.030371, 0.513882, 2252.654053, 4008.844727, -0.053904, -0.002191, 
 9_5_2018 9:41:6,0.305802, 0.030371, 0.513882, 2252.654053, 4010.503418, -0.053904, -0.002191, 
 9_5_2018 9:41:6,0.305802, 0.030371, 0.513882, 2252.654053, 4010.503418, -0.053002, -0.002191, 
 9_5_2018 9:41:6,0.305802, 0.030371, 0.513882, 2252.654053, 4010.503418, -0.053002, -0.000723, 
 9_5_2018 9:41:7,4.257705, 0.030371, 0.513882, 2252.654053, 4010.503418, -0.053002, -0.000723, 
 9_5_2018 9:41:7,4.257705, 0.255804, 0.513882, 2252.654053, 4010.503418, -0.053002, -0.000723, 
 9_5_2018 9:41:7,4.257705, 0.255804, 0.389351, 2252.654053, 4010.503418, -0.053002, -0.000723, 
 9_5_2018 9:41:7,4.257705, 0.255804, 0.389351, 2252.641846, 4010.503418, -0.053002, -0.000723, 
 9_5_2018 9:41:7,4.257705, 0.255804, 0.389351, 2252.641846, 4012.153076, -0.053002, -0.000723, 
 9_5_2018 9:41:7,4.257705, 0.255804, 0.389351, 2252.641846, 4012.153076, -0.054074, -0.000723, 
 9_5_2018 9:41:7,4.257705, 0.255804, 0.389351, 2252.641846, 4012.153076, -0.054074, -0.078254, 
 9_5_2018 9:41:8,4.715377, 0.255804, 0.389351, 2252.641846, 4012.153076, -0.054074, -0.078254, 
 9_5_2018 9:41:8,4.715377, 1.143948, 0.389351, 2252.641846, 4012.153076, -0.054074, -0.078254, 
 9_5_2018 9:41:8,4.715377, 1.143948, 0.395554, 2252.641846, 4012.153076, -0.054074, -0.078254, 
 9_5_2018 9:41:8,4.715377, 1.143948, 0.395554, 2252.629395, 4012.153076, -0.054074, -0.078254, 
 9_5_2018 9:41:8,4.715377, 1.143948, 0.395554, 2252.629395, 4013.614746, -0.054074, -0.078254, 
 9_5_2018 9:41:8,4.715377, 1.143948, 0.395554, 2252.629395, 4013.614746, -0.056767, -0.078254, 
 9_5_2018 9:41:8,4.715377, 1.143948, 0.395554, 2252.629395, 4013.614746, -0.056767, -0.271019, 
 9_5_2018 9:41:9,-2.589224, 1.143948, 0.395554, 2252.629395, 4013.614746, -0.056767, -0.271019, 
 9_5_2018 9:41:9,-2.589224, -1.757546, 0.395554, 2252.629395, 4013.614746, -0.056767, -0.271019, 
 9_5_2018 9:41:9,-2.589224, -1.757546, 1.587916, 2252.629395, 4013.614746, -0.056767, -0.271019, 
 9_5_2018 9:41:9,-2.589224, -1.757546, 1.587916, 2252.617188, 4013.614746, -0.056767, -0.271019, 
 9_5_2018 9:41:9,-2.589224, -1.757546, 1.587916, 2252.617188, 4012.919189, -0.056767, -0.271019, 
 9_5_2018 9:41:9,-2.589224, -1.757546, 1.587916, 2252.617188, 4012.919189, -0.044347, -0.271019, 
 9_5_2018 9:41:9,-2.589224, -1.757546, 1.587916, 2252.617188, 4012.919189, -0.044347, -0.572288, 
 9_5_2018 9:41:10,-8.741329, -1.757546, 1.587916, 2252.617188, 4012.919189, -0.044347, -0.572288, 
 9_5_2018 9:41:10,-8.741329, -13.651185, 1.587916, 2252.617188, 4012.919189, -0.044347, -0.572288, 
 9_5_2018 9:41:10,-8.741329, -13.651185, -0.375846, 2252.617188, 4012.919189, -0.044347, -0.572288, 
 9_5_2018 9:41:10,-8.741329, -13.651185, -0.375846, 2252.604736, 4012.919189, -0.044347, -0.572288, 
 9_5_2018 9:41:10,-8.741329, -13.651185, -0.375846, 2252.604736, 4007.596436, -0.044347, -0.572288, 
 9_5_2018 9:41:10,-8.741329, -13.651185, -0.375846, 2252.604736, 4007.596436, -0.047464, -0.572288, 
 9_5_2018 9:41:10,-8.741329, -13.651185, -0.375846, 2252.604736, 4007.596436, -0.047464, -0.661641, 
 9_5_2018 9:41:11,4.634268, -13.651185, -0.375846, 2252.604736, 4007.596436, -0.047464, -0.661641, 
 9_5_2018 9:41:11,4.634268, 5.437048, -0.375846, 2252.604736, 4007.596436, -0.047464, -0.661641, 
 9_5_2018 9:41:11,4.634268, 5.437048, -2.838174, 2252.604736, 4007.596436, -0.047464, -0.661641, 
 9_5_2018 9:41:11,4.634268, 5.437048, -2.838174, 2252.592529, 4007.596436, -0.047464, -0.661641, 
 9_5_2018 9:41:11,4.634268, 5.437048, -2.838174, 2252.592529, 4006.124512, -0.047464, -0.661641, 
 9_5_2018 9:41:11,4.634268, 5.437048, -2.838174, 2252.592529, 4006.124512, -0.151398, -0.661641, 
 9_5_2018 9:41:11,4.634268, 5.437048, -2.838174, 2252.592529, 4006.124512, -0.151398, -0.704647, 
 9_5_2018 9:41:12,0.425825, 5.437048, -2.838174, 2252.592529, 4006.124512, -0.151398, -0.704647, 
 9_5_2018 9:41:12,0.425825, -10.556402, -2.838174, 2252.592529, 4006.124512, -0.151398, -0.704647, 
 9_5_2018 9:41:12,0.425825, -10.556402, -4.087521, 2252.592529, 4006.124512, -0.151398, -0.704647, 
 9_5_2018 9:41:12,0.425825, -10.556402, -4.087521, 2252.580078, 4006.124512, -0.151398, -0.704647, 
 9_5_2018 9:41:12,0.425825, -10.556402, -4.087521, 2252.580078, 4015.500488, -0.151398, -0.704647, 
 9_5_2018 9:41:12,0.425825, -10.556402, -4.087521, 2252.580078, 4015.500488, -0.181374, -0.704647, 
 9_5_2018 9:41:12,0.425825, -10.556402, -4.087521, 2252.580078, 4015.500488, -0.181374, -0.839711, 
 9_5_2018 9:41:13,-0.091563, -10.556402, -4.087521, 2252.580078, 4015.500488, -0.181374, -0.839711, 
 9_5_2018 9:41:13,-0.091563, 17.921427, -4.087521, 2252.580078, 4015.500488, -0.181374, -0.839711, 
 9_5_2018 9:41:13,-0.091563, 17.921427, -1.405999, 2252.580078, 4015.500488, -0.181374, -0.839711, 
 9_5_2018 9:41:13,-0.091563, 17.921427, -1.405999, 2252.567627, 4015.500488, -0.181374, -0.839711, 
 9_5_2018 9:41:13,-0.091563, 17.921427, -1.405999, 2252.567627, 4027.288574, -0.181374, -0.839711, 
 9_5_2018 9:41:13,-0.091563, 17.921427, -1.405999, 2252.567627, 4027.288574, -0.188721, -0.839711, 
 9_5_2018 9:41:13,-0.091563, 17.921427, -1.405999, 2252.567627, 4027.288574, -0.188721, -0.912256, 
 9_5_2018 9:41:14,-2.739576, 17.921427, -1.405999, 2252.567627, 4027.288574, -0.188721, -0.912256, 
 9_5_2018 9:41:14,-2.739576, -16.320175, -1.405999, 2252.567627, 4027.288574, -0.188721, -0.912256, 
 9_5_2018 9:41:14,-2.739576, -16.320175, -5.336191, 2252.567627, 4027.288574, -0.188721, -0.912256, 
 9_5_2018 9:41:14,-2.739576, -16.320175, -5.336191, 2252.555176, 4027.288574, -0.188721, -0.912256, 
 9_5_2018 9:41:14,-2.739576, -16.320175, -5.336191, 2252.555176, 4037.469727, -0.188721, -0.912256, 
 9_5_2018 9:41:14,-2.739576, -16.320175, -5.336191, 2252.555176, 4037.469727, -0.167656, -0.912256, 
 9_5_2018 9:41:14,-2.739576, -16.320175, -5.336191, 2252.555176, 4037.469727, -0.167656, -0.954566, 
 9_5_2018 9:41:15,3.685972, -16.320175, -5.336191, 2252.555176, 4037.469727, -0.167656, -0.954566, 
 9_5_2018 9:41:15,3.685972, 8.003036, -5.336191, 2252.555176, 4037.469727, -0.167656, -0.954566, 
 9_5_2018 9:41:15,3.685972, 8.003036, -1.831241, 2252.555176, 4037.469727, -0.167656, -0.954566, 
 9_5_2018 9:41:15,3.685972, 8.003036, -1.831241, 2252.542480, 4037.469727, -0.167656, -0.954566, 
 9_5_2018 9:41:15,3.685972, 8.003036, -1.831241, 2252.542480, 4045.528076, -0.167656, -0.954566, 
 9_5_2018 9:41:15,3.685972, 8.003036, -1.831241, 2252.542480, 4045.528076, -0.172113, -0.954566, 
 9_5_2018 9:41:15,3.685972, 8.003036, -1.831241, 2252.542480, 4045.528076, -0.172113, -0.997378, 
 9_5_2018 9:41:16,-0.458429, 8.003036, -1.831241, 2252.542480, 4045.528076, -0.172113, -0.997378, 
 9_5_2018 9:41:16,-0.458429, -7.202874, -1.831241, 2252.542480, 4045.528076, -0.172113, -0.997378, 
 9_5_2018 9:41:16,-0.458429, -7.202874, -3.266909, 2252.542480, 4045.528076, -0.172113, -0.997378, 
 9_5_2018 9:41:16,-0.458429, -7.202874, -3.266909, 2252.529785, 4045.528076, -0.172113, -0.997378, 
 9_5_2018 9:41:16,-0.458429, -7.202874, -3.266909, 2252.529785, 4051.250732, -0.172113, -0.997378, 
 9_5_2018 9:41:16,-0.458429, -7.202874, -3.266909, 2252.529785, 4051.250732, -0.158835, -0.997378, 
 9_5_2018 9:41:16,-0.458429, -7.202874, -3.266909, 2252.529785, 4051.250732, -0.158835, -1.023205, 
 9_5_2018 9:41:17,0.559693, -7.202874, -3.266909, 2252.529785, 4051.250732, -0.158835, -1.023205, 
 9_5_2018 9:41:17,0.559693, 1.055935, -3.266909, 2252.529785, 4051.250732, -0.158835, -1.023205, 
 9_5_2018 9:41:17,0.559693, 1.055935, -1.716945, 2252.529785, 4051.250732, -0.158835, -1.023205, 
 9_5_2018 9:41:17,0.559693, 1.055935, -1.716945, 2252.517090, 4051.250732, -0.158835, -1.023205, 
 9_5_2018 9:41:17,0.559693, 1.055935, -1.716945, 2252.517090, 4053.401855, -0.158835, -1.023205, 
 9_5_2018 9:41:17,0.559693, 1.055935, -1.716945, 2252.517090, 4053.401855, -0.144499, -1.023205, 
 9_5_2018 9:41:17,0.559693, 1.055935, -1.716945, 2252.517090, 4053.401855, -0.144499, -1.049704, 
 9_5_2018 9:41:18,0.841957, 1.055935, -1.716945, 2252.517090, 4053.401855, -0.144499, -1.049704, 
 9_5_2018 9:41:18,0.841957, 1.453957, -1.716945, 2252.517090, 4053.401855, -0.144499, -1.049704, 
 9_5_2018 9:41:18,0.841957, 1.453957, 0.800648, 2252.517090, 4053.401855, -0.144499, -1.049704, 
 9_5_2018 9:41:18,0.841957, 1.453957, 0.800648, 2252.504150, 4053.401855, -0.144499, -1.049704, 
 9_5_2018 9:41:18,0.841957, 1.453957, 0.800648, 2252.504150, 4051.927979, -0.144499, -1.049704, 
 9_5_2018 9:41:18,0.841957, 1.453957, 0.800648, 2252.504150, 4051.927979, -0.095514, -1.049704, 
 9_5_2018 9:41:18,0.841957, 1.453957, 0.800648, 2252.504150, 4051.927979, -0.095514, -1.057978, 
 9_5_2018 9:41:19,-2.028714, 1.453957, 0.800648, 2252.504150, 4051.927979, -0.095514, -1.057978, 
 9_5_2018 9:41:19,-2.028714, -1.564404, 0.800648, 2252.504150, 4051.927979, -0.095514, -1.057978, 
 9_5_2018 9:41:19,-2.028714, -1.564404, 2.222517, 2252.504150, 4051.927979, -0.095514, -1.057978, 
 9_5_2018 9:41:19,-2.028714, -1.564404, 2.222517, 2252.491211, 4051.927979, -0.095514, -1.057978, 
 9_5_2018 9:41:19,-2.028714, -1.564404, 2.222517, 2252.491211, 4043.467285, -0.095514, -1.057978, 
 9_5_2018 9:41:19,-2.028714, -1.564404, 2.222517, 2252.491211, 4043.467285, -0.035559, -1.057978, 
 9_5_2018 9:41:19,-2.028714, -1.564404, 2.222517, 2252.491211, 4043.467285, -0.035559, -1.044323, 
 9_5_2018 9:41:20,-2.391359, -1.564404, 2.222517, 2252.491211, 4043.467285, -0.035559, -1.044323, 
 9_5_2018 9:41:20,-2.391359, -5.988144, 2.222517, 2252.491211, 4043.467285, -0.035559, -1.044323, 
 9_5_2018 9:41:20,-2.391359, -5.988144, 1.496380, 2252.491211, 4043.467285, -0.035559, -1.044323, 
 9_5_2018 9:41:20,-2.391359, -5.988144, 1.496380, 2252.478516, 4043.467285, -0.035559, -1.044323, 
 9_5_2018 9:41:20,-2.391359, -5.988144, 1.496380, 2252.478516, 4028.592041, -0.035559, -1.044323, 
 9_5_2018 9:41:20,-2.391359, -5.988144, 1.496380, 2252.478516, 4028.592041, -0.001905, -1.044323, 
 9_5_2018 9:41:20,-2.391359, -5.988144, 1.496380, 2252.478516, 4028.592041, -0.001905, -1.005483, 
 9_5_2018 9:41:21,-0.974927, -5.988144, 1.496380, 2252.478516, 4028.592041, -0.001905, -1.005483, 
 9_5_2018 9:41:21,-0.974927, -1.294766, 1.496380, 2252.478516, 4028.592041, -0.001905, -1.005483, 
 9_5_2018 9:41:21,-0.974927, -1.294766, 0.255680, 2252.478516, 4028.592041, -0.001905, -1.005483, 
 9_5_2018 9:41:21,-0.974927, -1.294766, 0.255680, 2252.465820, 4028.592041, -0.001905, -1.005483, 
 9_5_2018 9:41:21,-0.974927, -1.294766, 0.255680, 2252.465820, 4011.272217, -0.001905, -1.005483, 
 9_5_2018 9:41:21,-0.974927, -1.294766, 0.255680, 2252.465820, 4011.272217, -0.029842, -1.005483, 
 9_5_2018 9:41:21,-0.974927, -1.294766, 0.255680, 2252.465820, 4011.272217, -0.029842, -0.954130, 
 9_5_2018 9:41:22,1.324266, -1.294766, 0.255680, 2252.465820, 4011.272217, -0.029842, -0.954130, 
 9_5_2018 9:41:22,1.324266, -0.453811, 0.255680, 2252.465820, 4011.272217, -0.029842, -0.954130, 
 9_5_2018 9:41:22,1.324266, -0.453811, -1.252297, 2252.465820, 4011.272217, -0.029842, -0.954130, 
 9_5_2018 9:41:22,1.324266, -0.453811, -1.252297, 2252.453125, 4011.272217, -0.029842, -0.954130, 
 9_5_2018 9:41:22,1.324266, -0.453811, -1.252297, 2252.453125, 3998.982666, -0.029842, -0.954130, 
 9_5_2018 9:41:22,1.324266, -0.453811, -1.252297, 2252.453125, 3998.982666, -0.082825, -0.954130, 
 9_5_2018 9:41:22,1.324266, -0.453811, -1.252297, 2252.453125, 3998.982666, -0.082825, -0.926818, 
 9_5_2018 9:41:23,1.960759, -0.453811, -1.252297, 2252.453125, 3998.982666, -0.082825, -0.926818, 
 9_5_2018 9:41:23,1.960759, 3.412229, -1.252297, 2252.453125, 3998.982666, -0.082825, -0.926818, 
 9_5_2018 9:41:23,1.960759, 3.412229, -1.590204, 2252.453125, 3998.982666, -0.082825, -0.926818, 
 9_5_2018 9:41:23,1.960759, 3.412229, -1.590204, 2252.440430, 3998.982666, -0.082825, -0.926818, 
 9_5_2018 9:41:23,1.960759, 3.412229, -1.590204, 2252.440430, 3993.409180, -0.082825, -0.926818, 
 9_5_2018 9:41:23,1.960759, 3.412229, -1.590204, 2252.440430, 3993.409180, -0.137083, -0.926818, 
 9_5_2018 9:41:23,1.960759, 3.412229, -1.590204, 2252.440430, 3993.409180, -0.137083, -0.939539, 
 9_5_2018 9:41:24,0.564468, 3.412229, -1.590204, 2252.440430, 3993.409180, -0.137083, -0.939539, 
 9_5_2018 9:41:24,0.564468, 1.134740, -1.590204, 2252.440430, 3993.409180, -0.137083, -0.939539, 
 9_5_2018 9:41:24,0.564468, 1.134740, -1.756971, 2252.440430, 3993.409180, -0.137083, -0.939539, 
 9_5_2018 9:41:24,0.564468, 1.134740, -1.756971, 2252.427490, 3993.409180, -0.137083, -0.939539, 
 9_5_2018 9:41:24,0.564468, 1.134740, -1.756971, 2252.427490, 3993.116455, -0.137083, -0.939539, 
 9_5_2018 9:41:24,0.564468, 1.134740, -1.756971, 2252.427490, 3993.116455, -0.155524, -0.939539, 
 9_5_2018 9:41:24,0.564468, 1.134740, -1.756971, 2252.427490, 3993.116455, -0.155524, -0.959443, 
 9_5_2018 9:41:25,-0.109822, 1.134740, -1.756971, 2252.427490, 3993.116455, -0.155524, -0.959443, 
 9_5_2018 9:41:25,-0.109822, 0.356489, -1.756971, 2252.427490, 3993.116455, -0.155524, -0.959443, 
 9_5_2018 9:41:25,-0.109822, 0.356489, -1.617165, 2252.427490, 3993.116455, -0.155524, -0.959443, 
 9_5_2018 9:41:25,-0.109822, 0.356489, -1.617165, 2252.414551, 3993.116455, -0.155524, -0.959443, 
 9_5_2018 9:41:25,-0.109822, 0.356489, -1.617165, 2252.414551, 3994.260498, -0.155524, -0.959443, 
 9_5_2018 9:41:25,-0.109822, 0.356489, -1.617165, 2252.414551, 3994.260498, -0.153437, -0.959443, 
 9_5_2018 9:41:25,-0.109822, 0.356489, -1.617165, 2252.414551, 3994.260498, -0.153437, -0.982969, 
 9_5_2018 9:41:26,0.238985, 0.356489, -1.617165, 2252.414551, 3994.260498, -0.153437, -0.982969, 
 9_5_2018 9:41:26,0.238985, -0.885824, -1.617165, 2252.414551, 3994.260498, -0.153437, -0.982969, 
 9_5_2018 9:41:26,0.238985, -0.885824, -1.465637, 2252.414551, 3994.260498, -0.153437, -0.982969, 
 9_5_2018 9:41:26,0.238985, -0.885824, -1.465637, 2252.414551, 3994.601563, -0.153437, -0.982969, 
 9_5_2018 9:41:26,0.238985, -0.885824, -1.465637, 2252.414551, 3994.601563, -0.142979, -0.982969, 
 9_5_2018 9:41:26,0.238985, -0.885824, -1.465637, 2252.414551, 3994.601563, -0.142979, -1.004259, 
 9_5_2018 9:41:27,0.269289, -0.885824, -1.465637, 2252.414551, 3994.601563, -0.142979, -1.004259, 
 9_5_2018 9:41:27,0.269289, 0.117179, -1.465637, 2252.414551, 3994.601563, -0.142979, -1.004259, 
 9_5_2018 9:41:27,0.269289, 0.117179, -0.687731, 2252.414551, 3994.601563, -0.142979, -1.004259, 
 9_5_2018 9:41:27,0.269289, 0.117179, -0.687731, 2252.401855, 3994.601563, -0.142979, -1.004259, 
 9_5_2018 9:41:27,0.269289, 0.117179, -0.687731, 2252.401855, 3992.980469, -0.142979, -1.004259, 
 9_5_2018 9:41:27,0.269289, 0.117179, -0.687731, 2252.401855, 3992.980469, -0.127009, -1.004259, 
 9_5_2018 9:41:27,0.269289, 0.117179, -0.687731, 2252.401855, 3992.980469, -0.127009, -1.019296, 
 9_5_2018 9:41:28,-0.860178, 0.117179, -0.687731, 2252.401855, 3992.980469, -0.127009, -1.019296, 
 9_5_2018 9:41:28,-0.860178, -0.313173, -0.687731, 2252.401855, 3992.980469, -0.127009, -1.019296, 
 9_5_2018 9:41:28,-0.860178, -0.313173, 0.095339, 2252.401855, 3992.980469, -0.127009, -1.019296, 
 9_5_2018 9:41:28,-0.860178, -0.313173, 0.095339, 2252.389160, 3992.980469, -0.127009, -1.019296, 
 9_5_2018 9:41:28,-0.860178, -0.313173, 0.095339, 2252.389160, 3988.647461, -0.127009, -1.019296, 
 9_5_2018 9:41:28,-0.860178, -0.313173, 0.095339, 2252.389160, 3988.647461, -0.103695, -1.019296, 
 9_5_2018 9:41:28,-0.860178, -0.313173, 0.095339, 2252.389160, 3988.647461, -0.103695, -1.018923, 
 9_5_2018 9:41:29,-3.652205, -0.313173, 0.095339, 2252.389160, 3988.647461, -0.103695, -1.018923, 
 9_5_2018 9:41:29,-3.652205, 0.390890, 0.095339, 2252.389160, 3988.647461, -0.103695, -1.018923, 
 9_5_2018 9:41:29,-3.652205, 0.390890, 0.549251, 2252.389160, 3988.647461, -0.103695, -1.018923, 
 9_5_2018 9:41:29,-3.652205, 0.390890, 0.549251, 2252.375977, 3988.647461, -0.103695, -1.018923, 
 9_5_2018 9:41:29,-3.652205, 0.390890, 0.549251, 2252.375977, 3981.735840, -0.103695, -1.018923, 
 9_5_2018 9:41:29,-3.652205, 0.390890, 0.549251, 2252.375977, 3981.735840, -0.088707, -1.018923, 
 9_5_2018 9:41:29,-3.652205, 0.390890, 0.549251, 2252.375977, 3981.735840, -0.088707, -0.963896, 
 9_5_2018 9:41:30,6.887003, 0.390890, 0.549251, 2252.375977, 3981.735840, -0.088707, -0.963896, 
 9_5_2018 9:41:30,6.887003, 15.612082, 0.549251, 2252.375977, 3981.735840, -0.088707, -0.963896, 
 9_5_2018 9:41:30,6.887003, 15.612082, 2.249061, 2252.375977, 3981.735840, -0.088707, -0.963896, 
 9_5_2018 9:41:30,6.887003, 15.612082, 2.249061, 2252.363281, 3981.735840, -0.088707, -0.963896, 
 9_5_2018 9:41:30,6.887003, 15.612082, 2.249061, 2252.363281, 3975.919678, -0.088707, -0.963896, 
 9_5_2018 9:41:30,6.887003, 15.612082, 2.249061, 2252.363281, 3975.919678, -0.136041, -0.963896, 
 9_5_2018 9:41:30,6.887003, 15.612082, 2.249061, 2252.363281, 3975.919678, -0.136041, -0.568924, 
 9_5_2018 9:41:31,16.482542, 15.612082, 2.249061, 2252.363281, 3975.919678, -0.136041, -0.568924, 
 9_5_2018 9:41:31,16.482542, 4.002709, 2.249061, 2252.363281, 3975.919678, -0.136041, -0.568924, 
 9_5_2018 9:41:31,16.482542, 4.002709, -0.617570, 2252.363281, 3975.919678, -0.136041, -0.568924, 
 9_5_2018 9:41:31,16.482542, 4.002709, -0.617570, 2252.350342, 3975.919678, -0.136041, -0.568924, 
 9_5_2018 9:41:31,16.482542, 4.002709, -0.617570, 2252.350342, 3977.402100, -0.136041, -0.568924, 
 9_5_2018 9:41:31,16.482542, 4.002709, -0.617570, 2252.350342, 3977.402100, -0.115540, -0.568924, 
 9_5_2018 9:41:31,16.482542, 4.002709, -0.617570, 2252.350342, 3977.402100, -0.115540, -0.202525, 
 9_5_2018 9:41:32,1.491860, 4.002709, -0.617570, 2252.350342, 3977.402100, -0.115540, -0.202525, 
 9_5_2018 9:41:32,1.491860, 1.467533, -0.617570, 2252.350342, 3977.402100, -0.115540, -0.202525, 
 9_5_2018 9:41:32,1.491860, 1.467533, 1.183497, 2252.350342, 3977.402100, -0.115540, -0.202525, 
 9_5_2018 9:41:32,1.491860, 1.467533, 1.183497, 2252.337402, 3977.402100, -0.115540, -0.202525, 
 9_5_2018 9:41:32,1.491860, 1.467533, 1.183497, 2252.337402, 3979.239258, -0.115540, -0.202525, 
 9_5_2018 9:41:32,1.491860, 1.467533, 1.183497, 2252.337402, 3979.239258, -0.082761, -0.202525, 
 9_5_2018 9:41:32,1.491860, 1.467533, 1.183497, 2252.337402, 3979.239258, -0.082761, -0.071679, 
 9_5_2018 9:41:33,-18.767735, 1.467533, 1.183497, 2252.337402, 3979.239258, -0.082761, -0.071679, 
 9_5_2018 9:41:33,-18.767735, -0.086809, 1.183497, 2252.337402, 3979.239258, -0.082761, -0.071679, 
 9_5_2018 9:41:33,-18.767735, -0.086809, 5.303859, 2252.337402, 3979.239258, -0.082761, -0.071679, 
 9_5_2018 9:41:33,-18.767735, -0.086809, 5.303859, 2252.324707, 3979.239258, -0.082761, -0.071679, 
 9_5_2018 9:41:33,-18.767735, -0.086809, 5.303859, 2252.324707, 3978.590820, -0.082761, -0.071679, 
 9_5_2018 9:41:33,-18.767735, -0.086809, 5.303859, 2252.324707, 3978.590820, -0.024084, -0.071679, 
 9_5_2018 9:41:33,-18.767735, -0.086809, 5.303859, 2252.324707, 3978.590820, -0.024084, 0.006408, 
 9_5_2018 9:41:34,-12.629685, -0.086809, 5.303859, 2252.324707, 3978.590820, -0.024084, 0.006408, 
 9_5_2018 9:41:34,-12.629685, -0.539600, 5.303859, 2252.324707, 3978.590820, -0.024084, 0.006408, 
 9_5_2018 9:41:34,-12.629685, -0.539600, 3.440243, 2252.324707, 3978.590820, -0.024084, 0.006408, 
 9_5_2018 9:41:34,-12.629685, -0.539600, 3.440243, 2252.311768, 3978.590820, -0.024084, 0.006408, 
 9_5_2018 9:41:34,-12.629685, -0.539600, 3.440243, 2252.311768, 3973.348145, -0.024084, 0.006408, 
 9_5_2018 9:41:34,-12.629685, -0.539600, 3.440243, 2252.311768, 3973.348145, 0.007208, 0.006408, 
 9_5_2018 9:41:34,-12.629685, -0.539600, 3.440243, 2252.311768, 3973.348145, 0.007208, 0.020151, 
 9_5_2018 9:41:35,6.767959, -0.539600, 3.440243, 2252.311768, 3973.348145, 0.007208, 0.020151, 
 9_5_2018 9:41:35,6.767959, -0.108705, 3.440243, 2252.311768, 3973.348145, 0.007208, 0.020151, 
 9_5_2018 9:41:35,6.767959, -0.108705, 3.777101, 2252.311768, 3973.348145, 0.007208, 0.020151, 
 9_5_2018 9:41:35,6.767959, -0.108705, 3.777101, 2252.298828, 3973.348145, 0.007208, 0.020151, 
 9_5_2018 9:41:35,6.767959, -0.108705, 3.777101, 2252.298828, 3964.240723, 0.007208, 0.020151, 
 9_5_2018 9:41:35,6.767959, -0.108705, 3.777101, 2252.298828, 3964.240723, 0.022691, 0.020151, 
 9_5_2018 9:41:35,6.767959, -0.108705, 3.777101, 2252.298828, 3964.240723, 0.022691, -0.013743, 
 9_5_2018 9:41:36,-1.433129, -0.108705, 3.777101, 2252.298828, 3964.240723, 0.022691, -0.013743, 
 9_5_2018 9:41:36,-1.433129, -0.289928, 3.777101, 2252.298828, 3964.240723, 0.022691, -0.013743, 
 9_5_2018 9:41:36,-1.433129, -0.289928, 3.701558, 2252.298828, 3964.240723, 0.022691, -0.013743, 
 9_5_2018 9:41:36,-1.433129, -0.289928, 3.701558, 2252.286133, 3964.240723, 0.022691, -0.013743, 
 9_5_2018 9:41:36,-1.433129, -0.289928, 3.701558, 2252.286133, 3953.299805, 0.022691, -0.013743, 
 9_5_2018 9:41:36,-1.433129, -0.289928, 3.701558, 2252.286133, 3953.299805, 0.032116, -0.013743, 
 9_5_2018 9:41:36,-1.433129, -0.289928, 3.701558, 2252.286133, 3953.299805, 0.032116, 0.003543, 
 9_5_2018 9:41:37,-2.291183, -0.289928, 3.701558, 2252.286133, 3953.299805, 0.032116, 0.003543, 
 9_5_2018 9:41:37,-2.291183, -2.689745, 3.701558, 2252.286133, 3953.299805, 0.032116, 0.003543, 
 9_5_2018 9:41:37,-2.291183, -2.689745, 2.667476, 2252.286133, 3953.299805, 0.032116, 0.003543, 
 9_5_2018 9:41:37,-2.291183, -2.689745, 2.667476, 2252.273682, 3953.299805, 0.032116, 0.003543, 
 9_5_2018 9:41:37,-2.291183, -2.689745, 2.667476, 2252.273682, 3941.916992, 0.032116, 0.003543, 
 9_5_2018 9:41:37,-2.291183, -2.689745, 2.667476, 2252.273682, 3941.916992, 0.009489, 0.003543, 
 9_5_2018 9:41:37,-2.291183, -2.689745, 2.667476, 2252.273682, 3941.916992, 0.009489, 0.035440, 
 9_5_2018 9:41:38,1.703424, -2.689745, 2.667476, 2252.273682, 3941.916992, 0.009489, 0.035440, 
 9_5_2018 9:41:38,1.703424, 1.772127, 2.667476, 2252.273682, 3941.916992, 0.009489, 0.035440, 
 9_5_2018 9:41:38,1.703424, 1.772127, 1.478521, 2252.273682, 3941.916992, 0.009489, 0.035440, 
 9_5_2018 9:41:38,1.703424, 1.772127, 1.478521, 2252.261230, 3941.916992, 0.009489, 0.035440, 
 9_5_2018 9:41:38,1.703424, 1.772127, 1.478521, 2252.261230, 3933.913818, 0.009489, 0.035440, 
 9_5_2018 9:41:38,1.703424, 1.772127, 1.478521, 2252.261230, 3933.913818, -0.031276, 0.035440, 
 9_5_2018 9:41:38,1.703424, 1.772127, 1.478521, 2252.261230, 3933.913818, -0.031276, 0.039385, 
 9_5_2018 9:41:39,0.133402, 1.772127, 1.478521, 2252.261230, 3933.913818, -0.031276, 0.039385, 
 9_5_2018 9:41:39,0.133402, 2.443793, 1.478521, 2252.261230, 3933.913818, -0.031276, 0.039385, 
 9_5_2018 9:41:39,0.133402, 2.443793, 0.965174, 2252.261230, 3933.913818, -0.031276, 0.039385, 
 9_5_2018 9:41:39,0.133402, 2.443793, 0.965174, 2252.248779, 3933.913818, -0.031276, 0.039385, 
 9_5_2018 9:41:39,0.133402, 2.443793, 0.965174, 2252.248779, 3931.375244, -0.031276, 0.039385, 
 9_5_2018 9:41:39,0.133402, 2.443793, 0.965174, 2252.248779, 3931.375244, -0.038752, 0.039385, 
 9_5_2018 9:41:39,0.133402, 2.443793, 0.965174, 2252.248779, 3931.375244, -0.038752, 0.043947, 
 9_5_2018 9:41:40,-0.700339, 2.443793, 0.965174, 2252.248779, 3931.375244, -0.038752, 0.043947, 
 9_5_2018 9:41:40,-0.700339, 0.012681, 0.965174, 2252.248779, 3931.375244, -0.038752, 0.043947, 
 9_5_2018 9:41:40,-0.700339, 0.012681, 0.744318, 2252.248779, 3931.375244, -0.038752, 0.043947, 
 9_5_2018 9:41:40,-0.700339, 0.012681, 0.744318, 2252.236328, 3931.375244, -0.038752, 0.043947, 
 9_5_2018 9:41:40,-0.700339, 0.012681, 0.744318, 2252.236328, 3930.872803, -0.038752, 0.043947, 
 9_5_2018 9:41:40,-0.700339, 0.012681, 0.744318, 2252.236328, 3930.872803, -0.038932, 0.043947, 
 9_5_2018 9:41:40,-0.700339, 0.012681, 0.744318, 2252.236328, 3930.872803, -0.038932, 0.048095, 
 9_5_2018 9:41:41,0.379631, 0.012681, 0.744318, 2252.236328, 3930.872803, -0.038932, 0.048095, 
 9_5_2018 9:41:41,0.379631, 0.148234, 0.744318, 2252.236328, 3930.872803, -0.038932, 0.048095, 
 9_5_2018 9:41:41,0.379631, 0.148234, 0.633987, 2252.236328, 3930.872803, -0.038932, 0.048095, 
 9_5_2018 9:41:41,0.379631, 0.148234, 0.633987, 2252.224121, 3930.872803, -0.038932, 0.048095, 
 9_5_2018 9:41:41,0.379631, 0.148234, 0.633987, 2252.224121, 3930.900635, -0.038932, 0.048095, 
 9_5_2018 9:41:41,0.379631, 0.148234, 0.633987, 2252.224121, 3930.900635, -0.040181, 0.048095, 
 9_5_2018 9:41:41,0.379631, 0.148234, 0.633987, 2252.224121, 3930.900635, -0.040181, 0.045032, 
 9_5_2018 9:41:42,-0.872476, 0.148234, 0.633987, 2252.224121, 3930.900635, -0.040181, 0.045032, 
 9_5_2018 9:41:42,-0.872476, 0.075442, 0.633987, 2252.224121, 3930.900635, -0.040181, 0.045032, 
 9_5_2018 9:41:42,-0.872476, 0.075442, 0.429003, 2252.224121, 3930.900635, -0.040181, 0.045032, 
 9_5_2018 9:41:42,-0.872476, 0.075442, 0.429003, 2252.211914, 3930.900635, -0.040181, 0.045032, 
 9_5_2018 9:41:42,-0.872476, 0.075442, 0.429003, 2252.211914, 3931.390625, -0.040181, 0.045032, 
 9_5_2018 9:41:42,-0.872476, 0.075442, 0.429003, 2252.211914, 3931.390625, -0.045689, 0.045032, 
 9_5_2018 9:41:42,-0.872476, 0.075442, 0.429003, 2252.211914, 3931.390625, -0.045689, 0.054911, 
 9_5_2018 9:41:43,-1.208940, 0.075442, 0.429003, 2252.211914, 3931.390625, -0.045689, 0.054911, 
 9_5_2018 9:41:43,-1.208940, 0.124850, 0.429003, 2252.211914, 3931.390625, -0.045689, 0.054911, 
 9_5_2018 9:41:43,-1.208940, 0.124850, 0.248142, 2252.211914, 3931.390625, -0.045689, 0.054911, 
 9_5_2018 9:41:43,-1.208940, 0.124850, 0.248142, 2252.199463, 3931.390625, -0.045689, 0.054911, 
 9_5_2018 9:41:43,-1.208940, 0.124850, 0.248142, 2252.199463, 3932.687256, -0.045689, 0.054911, 
 9_5_2018 9:41:43,-1.208940, 0.124850, 0.248142, 2252.199463, 3932.687256, -0.050562, 0.054911, 
 9_5_2018 9:41:43,-1.208940, 0.124850, 0.248142, 2252.199463, 3932.687256, -0.050562, 0.087624, 
 9_5_2018 9:41:44,0.324554, 0.124850, 0.248142, 2252.199463, 3932.687256, -0.050562, 0.087624, 
 9_5_2018 9:41:44,0.324554, -0.006900, 0.248142, 2252.199463, 3932.687256, -0.050562, 0.087624, 
 9_5_2018 9:41:44,0.324554, -0.006900, 0.126938, 2252.199463, 3932.687256, -0.050562, 0.087624, 
 9_5_2018 9:41:44,0.324554, -0.006900, 0.126938, 2252.187012, 3932.687256, -0.050562, 0.087624, 
 9_5_2018 9:41:44,0.324554, -0.006900, 0.126938, 2252.187012, 3934.730713, -0.050562, 0.087624, 
 9_5_2018 9:41:44,0.324554, -0.006900, 0.126938, 2252.187012, 3934.730713, -0.054549, 0.087624, 
 9_5_2018 9:41:44,0.324554, -0.006900, 0.126938, 2252.187012, 3934.730713, -0.054549, 0.123669, 
 9_5_2018 9:41:45,0.783090, -0.006900, 0.126938, 2252.187012, 3934.730713, -0.054549, 0.123669, 
 9_5_2018 9:41:45,0.783090, 0.006079, 0.126938, 2252.187012, 3934.730713, -0.054549, 0.123669, 
 9_5_2018 9:41:45,0.783090, 0.006079, 0.019280, 2252.187012, 3934.730713, -0.054549, 0.123669, 
 9_5_2018 9:41:45,0.783090, 0.006079, 0.019280, 2252.174805, 3934.730713, -0.054549, 0.123669, 
 9_5_2018 9:41:45,0.783090, 0.006079, 0.019280, 2252.174805, 3937.287354, -0.054549, 0.123669, 
 9_5_2018 9:41:45,0.783090, 0.006079, 0.019280, 2252.174805, 3937.287354, -0.057437, 0.123669, 
 9_5_2018 9:41:45,0.783090, 0.006079, 0.019280, 2252.174805, 3937.287354, -0.057437, 0.135342, 
 9_5_2018 9:41:46,0.817673, 0.006079, 0.019280, 2252.174805, 3937.287354, -0.057437, 0.135342, 
 9_5_2018 9:41:46,0.817673, 0.045367, 0.019280, 2252.174805, 3937.287354, -0.057437, 0.135342, 
 9_5_2018 9:41:46,0.817673, 0.045367, -0.074645, 2252.174805, 3937.287354, -0.057437, 0.135342, 
 9_5_2018 9:41:46,0.817673, 0.045367, -0.074645, 2252.162598, 3937.287354, -0.057437, 0.135342, 
 9_5_2018 9:41:46,0.817673, 0.045367, -0.074645, 2252.162598, 3940.373291, -0.057437, 0.135342, 
 9_5_2018 9:41:46,0.817673, 0.045367, -0.074645, 2252.162598, 3940.373291, -0.059859, 0.135342, 
 9_5_2018 9:41:46,0.817673, 0.045367, -0.074645, 2252.162598, 3940.373291, -0.059859, 0.123628, 
 9_5_2018 9:41:47,1.262643, 0.045367, -0.074645, 2252.162598, 3940.373291, -0.059859, 0.123628, 
 9_5_2018 9:41:47,1.262643, 0.105869, -0.074645, 2252.162598, 3940.373291, -0.059859, 0.123628, 
 9_5_2018 9:41:47,1.262643, 0.105869, -0.156215, 2252.162598, 3940.373291, -0.059859, 0.123628, 
 9_5_2018 9:41:47,1.262643, 0.105869, -0.156215, 2252.150146, 3940.373291, -0.059859, 0.123628, 
 9_5_2018 9:41:47,1.262643, 0.105869, -0.156215, 2252.150146, 3943.959717, -0.059859, 0.123628, 
 9_5_2018 9:41:47,1.262643, 0.105869, -0.156215, 2252.150146, 3943.959717, -0.061899, 0.123628, 
 9_5_2018 9:41:47,1.262643, 0.105869, -0.156215, 2252.150146, 3943.959717, -0.061899, 0.081225, 
 9_5_2018 9:41:48,-0.199712, 0.105869, -0.156215, 2252.150146, 3943.959717, -0.061899, 0.081225, 
 9_5_2018 9:41:48,-0.199712, 0.107175, -0.156215, 2252.150146, 3943.959717, -0.061899, 0.081225, 
 9_5_2018 9:41:48,-0.199712, 0.107175, -0.179266, 2252.150146, 3943.959717, -0.061899, 0.081225, 
 9_5_2018 9:41:48,-0.199712, 0.107175, -0.179266, 2252.137695, 3943.959717, -0.061899, 0.081225, 
 9_5_2018 9:41:48,-0.199712, 0.107175, -0.179266, 2252.137695, 3947.940674, -0.061899, 0.081225, 
 9_5_2018 9:41:48,-0.199712, 0.107175, -0.179266, 2252.137695, 3947.940674, -0.063254, 0.081225, 
 9_5_2018 9:41:48,-0.199712, 0.107175, -0.179266, 2252.137695, 3947.940674, -0.063254, 0.038568, 
 9_5_2018 9:41:49,-0.498422, 0.107175, -0.179266, 2252.137695, 3947.940674, -0.063254, 0.038568, 
 9_5_2018 9:41:49,-0.498422, 0.222871, -0.179266, 2252.137695, 3947.940674, -0.063254, 0.038568, 
 9_5_2018 9:41:49,-0.498422, 0.222871, -0.158236, 2252.137695, 3947.940674, -0.063254, 0.038568, 
 9_5_2018 9:41:49,-0.498422, 0.222871, -0.158236, 2252.125488, 3947.940674, -0.063254, 0.038568, 
 9_5_2018 9:41:49,-0.498422, 0.222871, -0.158236, 2252.125488, 3952.073975, -0.063254, 0.038568, 
 9_5_2018 9:41:49,-0.498422, 0.222871, -0.158236, 2252.125488, 3952.073975, -0.063285, 0.038568, 
 9_5_2018 9:41:49,-0.498422, 0.222871, -0.158236, 2252.125488, 3952.073975, -0.063285, 0.017361, 
 9_5_2018 9:41:50,-0.079324, 0.222871, -0.158236, 2252.125488, 3952.073975, -0.063285, 0.017361, 
 9_5_2018 9:41:50,-0.079324, -0.044563, -0.158236, 2252.125488, 3952.073975, -0.063285, 0.017361, 
 9_5_2018 9:41:50,-0.079324, -0.044563, -0.132769, 2252.125488, 3952.073975, -0.063285, 0.017361, 
 9_5_2018 9:41:50,-0.079324, -0.044563, -0.132769, 2252.113281, 3952.073975, -0.063285, 0.017361, 
 9_5_2018 9:41:50,-0.079324, -0.044563, -0.132769, 2252.113281, 3956.121826, -0.063285, 0.017361, 
 9_5_2018 9:41:50,-0.079324, -0.044563, -0.132769, 2252.113281, 3956.121826, -0.062524, 0.017361, 
 9_5_2018 9:41:50,-0.079324, -0.044563, -0.132769, 2252.113281, 3956.121826, -0.062524, 0.010118, 
 9_5_2018 9:41:51,0.069515, -0.044563, -0.132769, 2252.113281, 3956.121826, -0.062524, 0.010118, 
 9_5_2018 9:41:51,0.069515, -0.015003, -0.132769, 2252.113281, 3956.121826, -0.062524, 0.010118, 
 9_5_2018 9:41:51,0.069515, -0.015003, -0.107473, 2252.113281, 3956.121826, -0.062524, 0.010118, 
 9_5_2018 9:41:51,0.069515, -0.015003, -0.107473, 2252.101074, 3956.121826, -0.062524, 0.010118, 
 9_5_2018 9:41:51,0.069515, -0.015003, -0.107473, 2252.101074, 3960.059570, -0.062524, 0.010118, 
 9_5_2018 9:41:51,0.069515, -0.015003, -0.107473, 2252.101074, 3960.059570, -0.062045, 0.010118, 
 9_5_2018 9:41:51,0.069515, -0.015003, -0.107473, 2252.101074, 3960.059570, -0.062045, 0.007120, 
 9_5_2018 9:41:52,0.031314, -0.015003, -0.107473, 2252.101074, 3960.059570, -0.062045, 0.007120, 
 9_5_2018 9:41:52,0.031314, -0.010126, -0.107473, 2252.101074, 3960.059570, -0.062045, 0.007120, 
 9_5_2018 9:41:52,0.031314, -0.010126, -0.080559, 2252.101074, 3960.059570, -0.062045, 0.007120, 
 9_5_2018 9:41:52,0.031314, -0.010126, -0.080559, 2252.088867, 3960.059570, -0.062045, 0.007120, 
 9_5_2018 9:41:52,0.031314, -0.010126, -0.080559, 2252.088867, 3963.824951, -0.062045, 0.007120, 
 9_5_2018 9:41:52,0.031314, -0.010126, -0.080559, 2252.088867, 3963.824951, -0.061403, 0.007120, 
 9_5_2018 9:41:52,0.031314, -0.010126, -0.080559, 2252.088867, 3963.824951, -0.061403, 0.004552, 
 9_5_2018 9:41:53,0.002102, -0.010126, -0.080559, 2252.088867, 3963.824951, -0.061403, 0.004552, 
 9_5_2018 9:41:53,0.002102, -0.003766, -0.080559, 2252.088867, 3963.824951, -0.061403, 0.004552, 
 9_5_2018 9:41:53,0.002102, -0.003766, -0.049204, 2252.088867, 3963.824951, -0.061403, 0.004552, 
 9_5_2018 9:41:53,0.002102, -0.003766, -0.049204, 2252.076416, 3963.824951, -0.061403, 0.004552, 
 9_5_2018 9:41:53,0.002102, -0.003766, -0.049204, 2252.076416, 3967.608887, -0.061403, 0.004552, 
 9_5_2018 9:41:53,0.002102, -0.003766, -0.049204, 2252.076416, 3967.608887, -0.060552, 0.004552, 
 9_5_2018 9:41:53,0.002102, -0.003766, -0.049204, 2252.076416, 3967.608887, -0.060552, 0.002245, 
 9_5_2018 9:41:54,0.001594, -0.003766, -0.049204, 2252.076416, 3967.608887, -0.060552, 0.002245, 
 9_5_2018 9:41:54,0.001594, -0.000602, -0.049204, 2252.076416, 3967.608887, -0.060552, 0.002245, 
 9_5_2018 9:41:54,0.001594, -0.000602, -0.016845, 2252.076416, 3967.608887, -0.060552, 0.002245, 
 9_5_2018 9:41:54,0.001594, -0.000602, -0.016845, 2252.064209, 3967.608887, -0.060552, 0.002245, 
 9_5_2018 9:41:54,0.001594, -0.000602, -0.016845, 2252.064209, 3971.162842, -0.060552, 0.002245, 
 9_5_2018 9:41:54,0.001594, -0.000602, -0.016845, 2252.064209, 3971.162842, -0.059575, 0.002245, 
 9_5_2018 9:41:54,0.001594, -0.000602, -0.016845, 2252.064209, 3971.162842, -0.059575, 0.000622, 
 9_5_2018 9:41:55,0.002353, -0.000602, -0.016845, 2252.064209, 3971.162842, -0.059575, 0.000622, 
 9_5_2018 9:41:55,0.002353, 0.006325, -0.016845, 2252.064209, 3971.162842, -0.059575, 0.000622, 
 9_5_2018 9:41:55,0.002353, 0.006325, 0.016381, 2252.064209, 3971.162842, -0.059575, 0.000622, 
 9_5_2018 9:41:55,0.002353, 0.006325, 0.016381, 2252.052002, 3971.162842, -0.059575, 0.000622, 
 9_5_2018 9:41:55,0.002353, 0.006325, 0.016381, 2252.052002, 3974.506348, -0.059575, 0.000622, 
 9_5_2018 9:41:55,0.002353, 0.006325, 0.016381, 2252.052002, 3974.506348, -0.058496, 0.000622, 
 9_5_2018 9:41:55,0.002353, 0.006325, 0.016381, 2252.052002, 3974.506348, -0.058496, -0.000508, 
 9_5_2018 9:41:56,0.002388, 0.006325, 0.016381, 2252.052002, 3974.506348, -0.058496, -0.000508, 
 9_5_2018 9:41:56,0.002388, 0.010212, 0.016381, 2252.052002, 3974.506348, -0.058496, -0.000508, 
 9_5_2018 9:41:56,0.002388, 0.010212, 0.050315, 2252.052002, 3974.506348, -0.058496, -0.000508, 
 9_5_2018 9:41:56,0.002388, 0.010212, 0.050315, 2252.039551, 3974.506348, -0.058496, -0.000508, 
 9_5_2018 9:41:56,0.002388, 0.010212, 0.050315, 2252.039551, 3977.726563, -0.058496, -0.000508, 
 9_5_2018 9:41:56,0.002388, 0.010212, 0.050315, 2252.039551, 3977.726563, -0.057307, -0.000508, 
 9_5_2018 9:41:56,0.002388, 0.010212, 0.050315, 2252.039551, 3977.726563, -0.057307, -0.001464, 
 9_5_2018 9:41:57,-0.000823, 0.010212, 0.050315, 2252.039551, 3977.726563, -0.057307, -0.001464, 
 9_5_2018 9:41:57,-0.000823, 0.014029, 0.050315, 2252.039551, 3977.726563, -0.057307, -0.001464, 
 9_5_2018 9:41:57,-0.000823, 0.014029, 0.083747, 2252.039551, 3977.726563, -0.057307, -0.001464, 
 9_5_2018 9:41:57,-0.000823, 0.014029, 0.083747, 2252.027344, 3977.726563, -0.057307, -0.001464, 
 9_5_2018 9:41:57,-0.000823, 0.014029, 0.083747, 2252.027344, 3980.758057, -0.057307, -0.001464, 
 9_5_2018 9:41:57,-0.000823, 0.014029, 0.083747, 2252.027344, 3980.758057, -0.056050, -0.001464, 
 9_5_2018 9:41:57,-0.000823, 0.014029, 0.083747, 2252.027344, 3980.758057, -0.056050, -0.002147, 
 9_5_2018 9:41:58,-0.002928, 0.014029, 0.083747, 2252.027344, 3980.758057, -0.056050, -0.002147, 
 9_5_2018 9:41:58,-0.002928, 0.018394, 0.083747, 2252.027344, 3980.758057, -0.056050, -0.002147, 
 9_5_2018 9:41:58,-0.002928, 0.018394, 0.116751, 2252.027344, 3980.758057, -0.056050, -0.002147, 
 9_5_2018 9:41:58,-0.002928, 0.018394, 0.116751, 2252.015137, 3980.758057, -0.056050, -0.002147, 
 9_5_2018 9:41:58,-0.002928, 0.018394, 0.116751, 2252.015137, 3983.650146, -0.056050, -0.002147, 
 9_5_2018 9:41:58,-0.002928, 0.018394, 0.116751, 2252.015137, 3983.650146, -0.054722, -0.002147, 
 9_5_2018 9:41:58,-0.002928, 0.018394, 0.116751, 2252.015137, 3983.650146, -0.054722, -0.002665, 
 9_5_2018 9:41:59,-0.004762, 0.018394, 0.116751, 2252.015137, 3983.650146, -0.054722, -0.002665, 
 9_5_2018 9:41:59,-0.004762, 0.022392, 0.116751, 2252.015137, 3983.650146, -0.054722, -0.002665, 
 9_5_2018 9:41:59,-0.004762, 0.022392, 0.147860, 2252.015137, 3983.650146, -0.054722, -0.002665, 
 9_5_2018 9:41:59,-0.004762, 0.022392, 0.147860, 2252.002930, 3983.650146, -0.054722, -0.002665, 
 9_5_2018 9:41:59,-0.004762, 0.022392, 0.147860, 2252.002930, 3986.322266, -0.054722, -0.002665, 
 9_5_2018 9:41:59,-0.004762, 0.022392, 0.147860, 2252.002930, 3986.322266, -0.053379, -0.002665, 
 9_5_2018 9:41:59,-0.004762, 0.022392, 0.147860, 2252.002930, 3986.322266, -0.053379, -0.003023, 
 9_5_2018 9:42:0,-0.006038, 0.022392, 0.147860, 2252.002930, 3986.322266, -0.053379, -0.003023, 
 9_5_2018 9:42:0,-0.006038, 0.026409, 0.147860, 2252.002930, 3986.322266, -0.053379, -0.003023, 
 9_5_2018 9:42:0,-0.006038, 0.026409, 0.177116, 2252.002930, 3986.322266, -0.053379, -0.003023, 
 9_5_2018 9:42:0,-0.006038, 0.026409, 0.177116, 2251.990479, 3986.322266, -0.053379, -0.003023, 
 9_5_2018 9:42:0,-0.006038, 0.026409, 0.177116, 2251.990479, 3988.807373, -0.053379, -0.003023, 
 9_5_2018 9:42:0,-0.006038, 0.026409, 0.177116, 2251.990479, 3988.807373, -0.052022, -0.003023, 
 9_5_2018 9:42:0,-0.006038, 0.026409, 0.177116, 2251.990479, 3988.807373, -0.052022, -0.003283, 
 9_5_2018 9:42:1,-0.007920, 0.026409, 0.177116, 2251.990479, 3988.807373, -0.052022, -0.003283, 
 9_5_2018 9:42:1,-0.007920, 0.031047, 0.177116, 2251.990479, 3988.807373, -0.052022, -0.003283, 
 9_5_2018 9:42:1,-0.007920, 0.031047, 0.204491, 2251.990479, 3988.807373, -0.052022, -0.003283, 
 9_5_2018 9:42:1,-0.007920, 0.031047, 0.204491, 2251.978271, 3988.807373, -0.052022, -0.003283, 
 9_5_2018 9:42:1,-0.007920, 0.031047, 0.204491, 2251.978271, 3991.114990, -0.052022, -0.003283, 
 9_5_2018 9:42:1,-0.007920, 0.031047, 0.204491, 2251.978271, 3991.114990, -0.050663, -0.003283, 
 9_5_2018 9:42:1,-0.007920, 0.031047, 0.204491, 2251.978271, 3991.114990, -0.050663, -0.003469, 
 9_5_2018 9:42:2,-0.008692, 0.031047, 0.204491, 2251.978271, 3991.114990, -0.050663, -0.003469, 
 9_5_2018 9:42:2,-0.008692, 0.034127, 0.204491, 2251.978271, 3991.114990, -0.050663, -0.003469, 
 9_5_2018 9:42:2,-0.008692, 0.034127, 0.229662, 2251.978271, 3991.114990, -0.050663, -0.003469, 
 9_5_2018 9:42:2,-0.008692, 0.034127, 0.229662, 2251.965820, 3991.114990, -0.050663, -0.003469, 
 9_5_2018 9:42:2,-0.008692, 0.034127, 0.229662, 2251.965820, 3993.244873, -0.050663, -0.003469, 
 9_5_2018 9:42:2,-0.008692, 0.034127, 0.229662, 2251.965820, 3993.244873, -0.049309, -0.003469, 
 9_5_2018 9:42:2,-0.008692, 0.034127, 0.229662, 2251.965820, 3993.244873, -0.049309, -0.003579, 
 9_5_2018 9:42:3,-0.009608, 0.034127, 0.229662, 2251.965820, 3993.244873, -0.049309, -0.003579, 
 9_5_2018 9:42:3,-0.009608, 0.037950, 0.229662, 2251.965820, 3993.244873, -0.049309, -0.003579, 
 9_5_2018 9:42:3,-0.009608, 0.037950, 0.253064, 2251.965820, 3993.244873, -0.049309, -0.003579, 
 9_5_2018 9:42:3,-0.009608, 0.037950, 0.253064, 2251.953613, 3993.244873, -0.049309, -0.003579, 
 9_5_2018 9:42:3,-0.009608, 0.037950, 0.253064, 2251.953613, 3995.243164, -0.049309, -0.003579, 
 9_5_2018 9:42:3,-0.009608, 0.037950, 0.253064, 2251.953613, 3995.243164, -0.047943, -0.003579, 
 9_5_2018 9:42:3,-0.009608, 0.037950, 0.253064, 2251.953613, 3995.243164, -0.047943, -0.003659, 
 9_5_2018 9:42:4,-0.011095, 0.037950, 0.253064, 2251.953613, 3995.243164, -0.047943, -0.003659, 
 9_5_2018 9:42:4,-0.011095, 0.041022, 0.253064, 2251.953613, 3995.243164, -0.047943, -0.003659, 
 9_5_2018 9:42:4,-0.011095, 0.041022, 0.274148, 2251.953613, 3995.243164, -0.047943, -0.003659, 
 9_5_2018 9:42:4,-0.011095, 0.041022, 0.274148, 2251.941406, 3995.243164, -0.047943, -0.003659, 
 9_5_2018 9:42:4,-0.011095, 0.041022, 0.274148, 2251.941406, 3997.073975, -0.047943, -0.003659, 
 9_5_2018 9:42:4,-0.011095, 0.041022, 0.274148, 2251.941406, 3997.073975, -0.046602, -0.003659, 
 9_5_2018 9:42:4,-0.011095, 0.041022, 0.274148, 2251.941406, 3997.073975, -0.046602, -0.003700, 
 9_5_2018 9:42:5,-0.011606, 0.041022, 0.274148, 2251.941406, 3997.073975, -0.046602, -0.003700, 
 9_5_2018 9:42:5,-0.011606, 0.044256, 0.274148, 2251.941406, 3997.073975, -0.046602, -0.003700, 
 9_5_2018 9:42:5,-0.011606, 0.044256, 0.292973, 2251.941406, 3997.073975, -0.046602, -0.003700, 
 9_5_2018 9:42:5,-0.011606, 0.044256, 0.292973, 2251.929199, 3997.073975, -0.046602, -0.003700, 
 9_5_2018 9:42:5,-0.011606, 0.044256, 0.292973, 2251.929199, 3998.739258, -0.046602, -0.003700, 
 9_5_2018 9:42:5,-0.011606, 0.044256, 0.292973, 2251.929199, 3998.739258, -0.045287, -0.003700, 
 9_5_2018 9:42:5,-0.011606, 0.044256, 0.292973, 2251.929199, 3998.739258, -0.045287, -0.003701, 
 9_5_2018 9:42:6,-0.012352, 0.044256, 0.292973, 2251.929199, 3998.739258, -0.045287, -0.003701, 
 9_5_2018 9:42:6,-0.012352, 0.047159, 0.292973, 2251.929199, 3998.739258, -0.045287, -0.003701, 
 9_5_2018 9:42:6,-0.012352, 0.047159, 0.309644, 2251.929199, 3998.739258, -0.045287, -0.003701, 
 9_5_2018 9:42:6,-0.012352, 0.047159, 0.309644, 2251.916992, 3998.739258, -0.045287, -0.003701, 
 9_5_2018 9:42:6,-0.012352, 0.047159, 0.309644, 2251.916992, 4000.269043, -0.045287, -0.003701, 
 9_5_2018 9:42:6,-0.012352, 0.047159, 0.309644, 2251.916992, 4000.269043, -0.043997, -0.003701, 
 9_5_2018 9:42:6,-0.012352, 0.047159, 0.309644, 2251.916992, 4000.269043, -0.043997, -0.003695, 
 9_5_2018 9:42:7,-0.012771, 0.047159, 0.309644, 2251.916992, 4000.269043, -0.043997, -0.003695, 
 9_5_2018 9:42:7,-0.012771, 0.048610, 0.309644, 2251.916992, 4000.269043, -0.043997, -0.003695, 
 9_5_2018 9:42:7,-0.012771, 0.048610, 0.324068, 2251.916992, 4000.269043, -0.043997, -0.003695, 
 9_5_2018 9:42:7,-0.012771, 0.048610, 0.324068, 2251.904541, 4000.269043, -0.043997, -0.003695, 
 9_5_2018 9:42:7,-0.012771, 0.048610, 0.324068, 2251.904541, 4001.638428, -0.043997, -0.003695, 
 9_5_2018 9:42:7,-0.012771, 0.048610, 0.324068, 2251.904541, 4001.638428, -0.042752, -0.003695, 
 9_5_2018 9:42:7,-0.012771, 0.048610, 0.324068, 2251.904541, 4001.638428, -0.042752, -0.003672, 
 9_5_2018 9:42:8,-0.013227, 0.048610, 0.324068, 2251.904541, 4001.638428, -0.042752, -0.003672, 
 9_5_2018 9:42:8,-0.013227, 0.049926, 0.324068, 2251.904541, 4001.638428, -0.042752, -0.003672, 
 9_5_2018 9:42:8,-0.013227, 0.049926, 0.333818, 2251.904541, 4001.638428, -0.042752, -0.003672, 
 9_5_2018 9:42:8,-0.013227, 0.049926, 0.333818, 2251.892334, 4001.638428, -0.042752, -0.003672, 
 9_5_2018 9:42:8,-0.013227, 0.049926, 0.333818, 2251.892334, 4002.594238, -0.042752, -0.003672, 
 9_5_2018 9:42:8,-0.013227, 0.049926, 0.333818, 2251.892334, 4002.594238, -0.041823, -0.003672, 
 9_5_2018 9:42:8,-0.013227, 0.049926, 0.333818, 2251.892334, 4002.594238, -0.041823, -0.003637, 
 